512 255 132 524 399 528 403 414 159 545 546 547 548 549 550 46 307 184 472 351 358 488 498 510 511
4 5 6 7 8 9 10 11 12 13 14 15 16 17 18 19 20 21 22 23 24 25
416 418 425 42 234 426 109 427 428 429 430 431 217 58 316 93 94 95
285 271 272 273 274 275 276 277 118 278 280 281 282 283 279 284 286
33 98 99 100 97 101 102 103 104 105 106 107 108 109
416 418 489 139 109 431 530 531 84 117 532 58
161 13 78 79 205 378 22 376 377 186 379
416 417 259 423 520 521 522 139 109 375 94
383 44 45 47 48 465 466 467 468 469 319
407 72 168 50 404 405 54 406 408 188
193 194 195 196 109 400 401 473 474 475
172 173 174 175 176 177 178 179 180
292 233 140 141 142 143 80 441 508
321 353 3 354 355 356 39 357 45
382 453 454 455 42 209 27 94 286
480 361 363 364 523 524 525 526 507
352 494 495 496 497 251 252 350 351
448 449 450 388 116 218 445 446 447
71 74 144 145 146 147 148 125
64 65 66 67 68 69 70 71
211 212 213 214 151 216 215 61
32 33 34 35 36 37 38 31
260 166 262 136 431 276 118 534
121 122 109 89 90 123 124
225 226 227 100 228 229 206
326 327 328 295 329 330 46
387 419 420 421 338 348 319
262 263 264 265 266 237 26
359 490 459 460 109 491 478
76 333 45 334 335 336 337
386 67 70 71 367 535 536
485 486 51 435 120 59 30
516 517 518 182 22 347 159
416 417 418 94 217 382
129 130 131 133 134 493
162 163 164 165 166 167
195 197 359 460 109 478
112 113 114 115 116 63
390 391 392 393 85 157
355 293 398 242 150 28
129 130 131 132 133 134
352 261 268 82 342 153
192 193 194 195 196 109
86 87 88 89 90 91
245 246 247 248 249 125
109 400 401 187 92
433 343 504 506 507
265 234 109 542 543
44 45 46 47 48
258 451 172 466 540
513 514 296 308 315
192 197 198 199 185
198 199 221 222 223
481 203 46 207 52
456 457 458 459 460
258 466 437 442 190
137 302 303 304 283
361 362 363 364 314
352 116 350 351
313 341 77 22
80 289 288 287
168 409 410 54
306 243 500 499
360 110 299 38
89 170 169 171
128 369 370 320
513 514 155 253
152 331 187 402
344 537 76 55
298 124 470 471
368 273 411 412
0 1 2 3
239 221 222 238
200 201 202 188
544 333 45 111
96 93 94 95
339 365 366 367
217 139 244
424 373 118
138 219 188
473 492 189
418 58 479
108 60 381
346 325 159
396 276 397
291 38 31
273 515 412
241 308 53
266 267 263
155 308 253
160 57 156
505 123 62
56 38 135
114 219 318
220 461 462
413 414 415
81 394 489
384 210 383
440 116 439
49 107 103
40 41 39
395 516 502
283 484 483
13 262 431
145 147 149
529 533 277
371 372 301
152 269 270
434 309 111
250 310 415
188 317 119
306 307 308
444 443 188
176 290
321 322
464 463
73 74
281 262
468 294
51 438
184 183
232 38
256 247
441 389
479 279
374 375
265 380
248 43
312 313
476 477
13 479
436 38
385 386
305 172
106 340
409 404
422 423
509 111
74 75
235 101
257 38
145 239
302 94
57 109
312 13
315 395
309 231
387 261
250 332
346 347
150 39
168 345
512 357
154 69
332 415
83 23
80 46
20 94
494 519
203 311
291 173
128 127
538 109
157 158
254 255
38 230
480 527
501 93
181 182
51 52
488 487
323 518
539 109
452 431
97 126
74 154
240 321
403 45
76 29
184 432
231 71
80 81
324
503
541
297
224
191
482
204
349
300
236
208
