64 257 70 490 17 977 596 21 469 474
64 736 5 810 364 531 855 447
64 352 354 261 424 201 209 190
929 132 648 393 141 463 439
771 1061 1099 402 179 532 1055
800 8 111 688 146 506 702
64 293 710 8 782 786 309
233 240 851 52 22 1022
353 292 17 115 214 184
577 105 811 437 88 733
868 1003 876 981 59 638
97 550 615 237 397 632
128 99 5 70 21 59
129 260 651 208 17 444
835 777 654 272 661 510
737 521 941 376 731
130 36 42 330 402
65 519 203 404 760
8 61 729 540 125
131 425 77 188 445
541 268 13 509 191
650 479 300 374 831
64 352 868 819 570
194 70 21 184 189
354 8 361 408 190
450 367 593 20 254
452 491 76 79 255
391 234 305 82 119
487 462 21 470 184
338 601 762 988 1086
264 202 53 54 413
136 122 20 406
401 594 525 599
312 411 677 334
64 926 398 30
124 383 126 143
569 722 83 327
779 205 278 703
849 189 150 279
888 756 94 759
80 352 21 655
65 579 121 735
64 361 540 23
945 227 886 103
371 173 45 79
64 201 424 782
477 529 197 774
314 244 598 287
537 370 404 1030
112 266 6 687
875 67 30 278
41 266 516 269
1000 770 1091 692
18 158 54 354
601 338 769 1095
985 58 565 543
360 924 77 445
64 257 913 190
265 34 92 281
698 386 534 335
104 611 339 639
392 679 951 295
1066 899 68 53
480 719 1068 679
32 823 518 31
433 770 969 69
305 1027 449 1067
315 325 69 358
297 394 425 77
308 438 326
387 507 499
225 538 285
361 446 369
179 180 614
48 356 110
609 709 207
594 253 694
808 602 275
427 404 844
485 754 69
826 69 647
551 85 247
218 162 815
186 789 54
257 186 54
10 492 285
441 842 147
496 42 36
66 36 1092
154 246 335
17 460 253
40 202 53
657 1082 689
458 362 70
1018 931 790
319 45 79
265 92 799
18 54 399
1041 154 69
91 580 198
885 70 23
530 925 479
955 108 261
17 5 623
64 622 190
186 221 54
641 187 350
274 573 167
993 564 1084
208 301 751
558 468 556
434 546 359
472 427 100
482 20 642
620 105 388
145 94 369
870 69 294
522 780 836
64 21 190
619 507 325
24 165 47
304 544 667
224 313 345
186 1005 54
66 11 822
266 53 78
816 25 363
427 100 844
8 21 190
880 153 721
412 235 92
951 970 567
64 848 782
682 54 663
248 268 246
68 357 413
856 636 461
554 757 775
778 586 715
989 149 998
1035 54 727
352 204 54
1034 20 807
794 908 14
112 140 101
513 595 814
138 806 247
100 965 308
26 845 277
840 85 463
961 837 839
533 404 53
323 486 671
139 1013 991
74 44 290
691 316 127
64 352 21
145 26 169
112 18 1090
146 91 702
897 70 23
324 21 190
184 469 21
1089 25 1098
1024 1 1014
305 449 510
448 42 36
838 67 630
250 156 503
872 265 34
8 681 242
20 6
43 718
112 405
257 30
8 184
139 182
290 148
139 172
512 573
257 242
59 140
1065 53
123 389
112 107
633 606
483 134
220 821
451 69
288 662
73 69
216 725
562 853
552 143
746 69
232 430
689 903
184 352
136 322
140 6
859 959
122 539
628 847
618 422
697 852
342 142
984 79
166 71
265 412
352 787
186 972
202 258
20 1085
261 214
0 20
331 77
250 92
770 686
320 347
64 1049
65 222
554 245
917 711
226 323
262 63
732 79
586 87
1057 871
689 950
68 862
388 799
1083 1019
38 559
68 252
312 687
881 974
621 790
137 788
34 874
304 25
373 687
3 60
458 115
379 854
369 266
1010 453
378 439
928 325
740 846
1048 1079
161 77
305 118
98 54
387 911
705 413
168 250
1097 1006
139 659
634 151
304 215
542 175
776 390
385 820
35 1045
508 326
507 583
113 155
506 395
121 692
337 134
685 455
136 1026
894 238
110 487
689 791
253 199
755 588
1043 1093
176 627
21 23
100 750
914 827
916 54
753 247
658 159
341 230
792 189
563 766
700 92
265 132
867 487
520 585
147 519
953 981
456 1070
600 618
920 554
283 163
192 1016
884 1063
445 1047
92 246
132 143
184 947
42 68
202 100
603 59
89 185
330 415
668 444
217 37
699 987
850 332
760 77
64 80
416 66
730 813
301 302
747 375
617 86
301 487
992 101
251 109
704 51
208 833
357 174
475 92
355 829
122 429
296 369
488 79
280 59
1008 28
368 317
339 631
177 263
936 339
2 95
77 670
744 428
400 58
860 214
1087 783
986 1036
291 157
481 231
114 607
92 69
410 20
112 964
825 122
1056 1044
1040 796
265 341
420 535
378 151
265 493
137 742
268 348
306 231
1021 719
436 695
834 5
673 242
426 318
624 723
997
106
739
864
561
590
616
494
228
321
213
346
979
273
1064
183
932
752
1025
923
1001
743
1002
328
471
1050
381
571
382
116
1007
210
193
716
514
414
423
549
1039
909
464
865
457
62
581
902
889
46
804
890
396
96
587
19
568
81
879
1052
1072
351
797
898
933
675
956
336
511
957
1058
504
958
707
171
249
164
990
999
724
892
717
690
584
282
915
16
952
465
239
937
938
672
271
763
713
1060
927
652
605
706
84
1073
50
843
968
665
33
824
517
384
1053
1054
39
298
1037
772
858
592
635
963
785
505
12
980
946
983
417
893
1033
901
643
454
442
935
660
572
626
407
976
120
574
960
431
557
1011
962
795
873
340
608
1062
200
343
289
812
765
866
1080
500
773
906
515
640
57
435
863
286
270
4
90
1023
1042
683
761
942
676
745
934
1096
206
528
1031
133
432
566
828
882
473
830
555
680
501
243
27
152
764
589
912
545
1029
896
582
749
949
809
276
419
497
267
526
1004
701
802
576
1071
476
939
1017
524
578
734
869
196
784
696
256
966
366
954
102
15
910
919
644
597
714
943
1069
55
758
349
229
995
817
1020
818
712
409
144
801
575
443
135
1012
484
181
219
344
798
781
523
211
236
329
832
303
117
883
591
459
918
684
637
738
372
645
365
466
1077
944
1078
223
669
805
547
625
907
1032
900
720
895
418
1076
604
311
664
49
975
1074
666
610
649
259
1094
284
1015
29
1009
904
857
1038
467
726
767
948
1088
536
489
678
973
708
940
994
9
768
495
878
887
612
1075
310
170
803
527
674
299
377
861
741
333
75
921
922
656
1046
56
905
1081
996
693
560
553
421
241
498
1028
982
748
891
841
195
629
478
212
613
380
178
971
72
793
403
440
7
877
978
307
728
1059
160
653
930
967
646
548
502
93
1051
