168 269
190 219
667 671
669 612
669
669
632 524 29 610 620 217 33 17 89 252 596
529 192 662 202 203 182 169 500 279 226 674
667 587
633 640 513 514 667 517 519 526 373 662 193 292 583 606 367 278 389 335 610 611 555 559 561 566 617 218 219 663 41 230 418 576 76 607 338 347 356 386 409 596
219
139 495 642 644 645 648 307 311 316 317 318 319 321 322 323 325 326 329 333 334 430 1 2 3 4 5 6 8 9 10 497 117 118 525 533 488 369 371 586 104 105 138 194 199 201 293 294 295 296 297 54 301 302 303 492 48 50 51 453 277 182 183 22 148 150 151 152 153 154 155 157 158 159 161 162 163 164 165 166 167 168 169 172 173 176 177 178 179 180 181 429 280 281 209 210 88 580 405 335 66 538 540 541 544 557 558 565 568 570 612 621 622 627 589 257 258 259 260 261 266 480 271 185 186 412 58 60 61 219 494 30 35 36 37 436 91 92 93 95 96 97 99 100 101 441 442 504 229 15 414 415 80 434 374 377 379 108 109 110 112 114 234 235 237 483 240 340 342 351 355 357 358 360 362 363 364 365 256 123 124 125 126 127 128 129 130 132 677 678
661 610 455 31 460
423 662 210 211 213 218 24 679
471 433 189 512 387 671 373 600 200 450 474 603 604 605 606 210 587 404 67 610 545 547 564 431 622 625 626 41 460 590 393 418 395 466 77 78 607 235 236 75
588
645 662
667 671 518 305 210 553 554
471 670 671 251 209 546 214 621 628 459 607 71
617
313 314 672 673 667 450 289 419 388 173 282 283 210 587 614 616 219 436 390 391 395 234 235 239 341
669
672 669 671 662 206 210 628 231 131 87
671
671
646 319 669 670 144 85 661 662 196 301 621 503 664 665 655 228 386
433 308 312 328 672 582 667 530 661 662 43 133 135 454 612 266 34 415 111
227
190
635 642 648 496 667 669 661 477 424 210 609 613 616 618 621 622 624 625 629 32 34 38 436 482 26 441 460 235 409 675
669
144
398 272 592 634 642 643 644 645 648 312 319 320 322 323 535 284 285 438 286 298 142 301 205 163 209 210 389 579 609 542 569 571 613 621 622 263 264 58 60 61 219 406 24 436 336 98 440 441 462 463 464 415 607 306 396 235 483 506 595 240 353 359 364 45 73 421
168 169 628 380
671 536 662 210 213 612 619 622 654 230 511
671 622
672 191 669 670 225 597
139 495 273 631 632 642 648 310 312 316 319 322 327 7 534 287 290 297 301 50 276 367 400 149 164 209 210 405 550 613 621 622 266 267 268 185 219 413 436 94 664 56 233 238 243 64
53 471 639 448 672 673 411 667 669 671 42 195 301 207 401 402 209 52 389 212 335 556 560 562 455 216 618 621 622 623 628 459 220 224 31 436 460 461 418 141 607 378 232 483 143 241 244 245 246 486
447 634 639 640 448 427 316 331 672 13 513 449 387 667 669 671 370 423 417 601 43 288 300 475 301 249 451 491 49 388 14 210 211 389 573 29 46 587 404 335 368 68 215 456 622 626 589 270 410 436 57 426 19 460 392 82 140 25 188 418 585 591 574 577 468 235 630 90 506 366 253 63 443 444 445 446 676
669
669 671 231
635 636 312 313 319 670 528 291 55 301 211 614 626 219 406 440 20 84 235 90
662 201 210 628
667 669 671 653 657
669 671 382 213 621 622
599 191 498 247 602 588 431 625 626 265 82 395 121 113 235 608 255
424
633 645 662 18
482
208
307 309 314 318 274 275 208 584 338 348
672 667 669 370 210 211 352
28 27 318 669 103 662 197 201 652 160 208 209 210 213 543 218 24 482 187 381
196
638 331 531 193 473 250 389 29 428 549 654 663 235 239 339
671
669
599 631 12 532 102 197 200 134 293 204 164 169 539 563 262 266 16 414 578 120 508 122 62
670 671 144 523 662 137 476 479 581 171 424 384 266 425 482 484 346 485
47 189 632 399 11 116 662 197 156 170 175 424 210 384 624 30 436 226 510 486
669 671
28 636 672 673 671 516 522 21 145 146 661 662 652 367 208 537 548 551 552 613 626 628 481 228 594 507 657 596 598
632 668 520 81 210 29 610 215 622 17 79 345 596
189 332 672 673 667 651 248 184 210 211 29 610 589 654 607 375 380 343 344 350 596
621 37 39
648 211 622
669 671
420 662 408 490 163 394 396 596
671 662 168 213
670 671
641 319 324 325 330 487 106 136 198 478 493 454 174 424 384 435 226
669
622
671 605 403 610 619 628 224 607
210 337
314 387 660 662 601 211 593 626 26
190 669 670

592 632 642 647 648 430 405 613 622 58 59 37 436 664 147 394 462 464 465 15 414 467 306 397 630 470 242 70 416
669
672
671
447 437 642 319 430 489 521 527 372 439 54 301 499 422 452 163 210 389 405 610 567 86 613 621 622 458 385 24 37 436 441 394 414 56 607 469 240 349 44 72 416 596
662
637 497 144 661 662 203 169 612 61 666
637 644 308 315 662 196 299 502 572 656
667 144 659 661 662 472 168 589 666 656 254 486
649 650 307 430 672 673 119 667 669 670 671 439 438 661 662 54 301 422 156 210 501 74 456 624 626 627 628 457 480 24 221 222 223 40 83 147 464 414 415 575 376 505 509 658 127
647 430 586 662 301 304 499 452 210 588 66 615 621 622 624 626 627 432 23 37 436 65 441 442 383 414 107 115 240 354 361 69 407 515
628
669 671
